St=[380	0.000
385	0.000
390	0.001
395	0.001
400	0.002
405	0.005
410	0.010
415	0.021
420	0.042
425	0.080
430	0.140
435	0.225
440	0.337
445	0.479
450	0.604
455	0.633
460	0.551
465	0.436
470	0.346
475	0.282
480	0.237
485	0.213
490	0.210
495	0.226
500	0.260
505	0.311
510	0.372
515	0.436
520	0.499
525	0.559
530	0.612
535	0.658
540	0.698
545	0.735
550	0.771
555	0.804
560	0.836
565	0.868
570	0.898
575	0.926
580	0.952
585	0.974
590	0.989
595	0.998
600	1.000
605	0.992
610	0.978
615	0.957
620	0.927
625	0.888
630	0.844
635	0.799
640	0.750
645	0.698
650	0.644
655	0.591
660	0.539
665	0.488
670	0.440
675	0.395
680	0.354
685	0.316
690	0.281
695	0.249
700	0.220
705	0.194
710	0.171
715	0.150
720	0.131
725	0.115
730	0.100
735	0.088
740	0.077
745	0.067
750	0.059
755	0.052
760	0.046
765	0.040
770	0.035
775	0.031
780	0.027
];